%Tablica istinitosti
%Port:    A B C D S0 S1
inputs = [0 0 0 0 0 0;
          1 0 0 0 0 0;
          0 1 0 0 0 0;
          1 1 0 0 0 0;
          0 0 1 0 0 0;
          1 0 1 0 0 0;
          0 1 1 0 0 0;
          1 1 1 0 0 0;
          0 0 0 1 0 0;
          1 0 0 1 0 0;
          0 1 0 1 0 0;
          1 1 0 1 0 0;
          0 0 1 1 0 0;
          1 0 1 1 0 0;
          0 1 1 1 0 0;
          1 1 1 1 0 0;  
          0 0 0 0 1 0;
          1 0 0 0 1 0;
          0 1 0 0 1 0;
          1 1 0 0 1 0;
          0 0 1 0 1 0;
          1 0 1 0 1 0;
          0 1 1 0 1 0;
          1 1 1 0 1 0;
          0 0 0 1 1 0;
          1 0 0 1 1 0;
          0 1 0 1 1 0;
          1 1 0 1 1 0;
          0 0 1 1 1 0;
          1 0 1 1 1 0;
          0 1 1 1 1 0;
          1 1 1 1 1 0;
          0 0 0 0 0 1;
          1 0 0 0 0 1;
          0 1 0 0 0 1;
          1 1 0 0 0 1;
          0 0 1 0 0 1;
          1 0 1 0 0 1;
          0 1 1 0 0 1;
          1 1 1 0 0 1;
          0 0 0 1 0 1;
          1 0 0 1 0 1;
          0 1 0 1 0 1;
          1 1 0 1 0 1;
          0 0 1 1 0 1;
          1 0 1 1 0 1;
          0 1 1 1 0 1;
          1 1 1 1 0 1;
          0 0 0 0 1 1;
          1 0 0 0 1 1;
          0 1 0 0 1 1;
          1 1 0 0 1 1;
          0 0 1 0 1 1;
          1 0 1 0 1 1;
          0 1 1 0 1 1;
          1 1 1 0 1 1;
          0 0 0 1 1 1;
          1 0 0 1 1 1;
          0 1 0 1 1 1;
          1 1 0 1 1 1;
          0 0 1 1 1 1;
          1 0 1 1 1 1;
          0 1 1 1 1 1;
          1 1 1 1 1 1];
%Port: Out
outputs = [0; 1; 0; 1; 0; 1; 0; 1; 0; 1; 0; 1; 0; 1; 0; 1; 0; 0; 1; 1; 0; 0; 1; 1; 0; 0; 1; 1; 0; 0; 1; 1; 0; 0; 0; 0; 1; 1; 1; 1; 0; 0; 0; 0; 1; 1; 1; 1; 0; 0; 0; 0; 0; 0; 0; 0; 1; 1; 1; 1; 1; 1; 1; 1];

%Uvecavamo trening skup
inputss = [inputs; inputs; inputs];
outputss = [outputs; outputs; outputs];